# id	left	top	right	bottom	texture_id
[SPRITES]
#WALK LEFT
310000	69	499	84	522	40
310001	86	499	101	522	40

#WALK RIGHT
311000	34	532	49	555	40
311001	51	532	66	555	40

#THROW LEFT
310002	103	499	118	522	40
310003	120	499	135	522	40

#THROW RIGHT
311002	0	532	15	555	40
311003	17	499	32	555	40

#DIE
310004	86	499	101	522	40

#SUPER DIE
310005	103	471	118	494	40

#BOOMERANG
3110001	69	631	83	646	40
3110002	86	632	101	646	40
3110003	104	631	118	646	40
3110004	120	631	135	645	40

# ani_id	sprite1_id	time1	sprite2_id	time2	...
[ANIMATIONS]
301100	310000	100	310001	100
301101	310004	100
301102	310005	100
301103	310002	100	310003	100	310000	100
301104	311000	100	311001	100
301105	311002	100	311003	100	311000	100
301106	310000	100	310001	100
301107	311000	100	311001	100

#Boomerang ani
311200	3110001	100	3110002	100	3110003	100	3110004	100