# id	left	top	right	bottom	texture_id
[SPRITES]
#RED
#WALK
60001	33	27	48	52	40
60002	 50	27	65	53	40
60003	68	27	83	53	40
60004	85	27	100	52	40

#HIT
60005	137	56	152	71	40

#REVIVE
60006	139	73	154	88	40

#MOVE
60007	137	56	152	71	40
60008	154	56	169	71	40
60009	171	56	186	71	40
60010	188	56	203	71	40

#DIE
60011	168	73	183	88	40

#GREEN

#WALK LEFT
61001	2	1	17	26	60
61002	52	0	67	26	60

#WALK RIGHT
61003	102	0	117	26	60
61004	152	1	167	26	60

#HIT
61005	35	56	50	71	40

#REVIVE
61006	37	73	52	88	40

#MOVE
61007	35	56	50	71	40
61008	52	56	67	71	40
61009	69	56	84	71	40
61010	86	56	101	71	40

#DIE
61011	35	56	50	71	40
	

# ani_id	sprite1_id	time1	sprite2_id	time2	...
[ANIMATIONS]
#RED
6000	60001	100	60002	100
6001	60003	100	60004	100
6002	60005	100
6003	60006	100
6004	60007	100	60008	100	60009	100	60010	100
6005	60011	100

#GREEN
6100	61001	100	61002	100
6101	61003	100	61004	100
6102	61005	100
6103	61006	100
6104	61007	100	61008	100	61009	100	61010	100
6105	61011	100