# id	left	top	right	bottom	texture_id
[SPRITES]
130000	100	2	119	25	40
130001	124	2	143	25	40

130002	150	7	169	25	40
130003	174	7	193	25	40

130004	138	37	153	52	40
130005	159	37	174	52	40

#DIE
130006	179	44	194	52	40

# ani_id	sprite1_id	time1	sprite2_id	time2	...
[ANIMATIONS]
#WALK
170000	130004	100	130005	100
#WALK WITH WINGS
170001	130002	100	130003	100
#HOPING
170002	130002	200	130000	200	130003	200	130001	200
#JUMPING
170003	130002	100	130000	100	130003	100	130001	100
#DIE
170004	130006	100