# list of object assets to load in this sceneSE102
[ASSETS]
mario.txt
mushroom.txt
ground.txt
fixedbrick.txt
goldbrick.txt
coin.txt
goomba.txt
koopas.txt
cloud.txt
pipe.txt
redplant.txt
piranhaplant.txt
greenplant.txt
questionbrick.txt
fireball.txt
colorplatform.txt
leaf.txt
paragoomba.txt
point.txt
effect.txt
#
[OBJECTS]
# type	x	y	extra_settings per object type
# type: 0 = Mario , 1 = Brick, 2 = Goomba, 3 = Koopas, 5 = Platform, 7 QuestionBrick 11= pipe 12=redplant 13=piranha 14=greenplant 15=fireball 16=paragoomba 17=fixedbrick
# See OBJECT_TYPE constants in AssetIDs.h

# MARIO
0	30	350

#Platform - Ground
5	0	416	16	16	39	71000	72000	73000	1
5	624	400	16	16	29	71000	72000	73000	1
5	624	416	16	16	29	74000	75000	76000	1
5	1152	416	16	16	22	71000	72000	73000	1
5	1536	416	16	16	5	71000	72000	73000	1
5	1664	416	16	16	36	71000	72000	73000	1
5	2257	416	16	16	35	71000	72000	73000	1

#colorplatform
18	272	355	16	16	3	61004	61005	61006
5	240	369	16	16	3	60001	60002	60003	1
18	240	384	16	16	3	61001	61002	61003
18	240	400	16	16	3	62001	62002	62003
18	288	340	16	16	3	60004	60005	64000
18	320	355	16	16	1	64001	60005	64001
18	465	385	16	16	4	61001	61002	61003
18	465	400	16	16	4	62001	62002	62003
5	272	340	16	16	3	60004	60005	60006	0
18	288	370	16	16	3	63004	61006	64001
18	288	385	16	16	3	63005	61006	64001
18	288	400	16	16	3	63006	62006	64001

18	513	336	16	16	4	61010	61011	61012
18	513	352	16	16	4	61010	61011	61012
18	513	368	16	16	4	61010	61011	61012
18	465	355	16	16	4	61001	61002	61003
18	465	370	16	16	4	61001	61002	61003
5	402	369	16	16	5	60007	60008	60009	0
18	402	400	16	16	5	62007	62008	62009
18	402	384	16	16	5	61007	61008	61009
5	465	340	16	16	4	60001	60002	60003	0

5	513	304	16	16	4	60010	60011	60012	0
18	513	320	16	16	4	61010	61011	61012
18	513	384	16	16	4	61010	61011	61012
18	513	400	16	16	4	62010	62011	62012

5	513	384	16	16	6	60007	60008	60009	0
18	513	400	16	16	6	62007	62008	62009

18	481	369	16	16	1	64000	-1	-1
18	481	385	16	16	1	64001	-1	-1
18	481	400	16	16	1	64001	-1	-1

18	529	337	16	16	1	64000	-1	-1
18	529	353	16	16	1	64001	-1	-1
18	529	369	16	16	1	64001	-1	-1

18	576	305	16	16	1	64000	-1	-1
18	576	321	16	16	1	64001	-1	-1
18	576	337	16	16	1	64001	-1	-1
18	576	353	16	16	1	64001	-1	-1
18	576	369	16	16	1	64001	-1	-1

18	609	385	16	16	1	64000	-1	-1
18	609	400	16	16	1	64001	-1	-1

18	1297	385	16	16	7	61001	61002	61003
18	1297	400	16	16	7	62001	62002	62003
5	1265	385	16	16	7	60007	60008	60009	0
18	1265	400	16	16	7	62007	62008	62009

18	1376	385	16	16	1	64000	-1	-1
18	1376	400	16	16	1	64001	-1	-1

5	1297	353	16	16	7	60001	60002	60003	0
18	1297	369	16	16	7	61001	61002	61003

5	1329	321	16	16	7	60004	60005	60006	0
18	1329	337	16	16	7	61004	61005	61006
18	1409	353	16	16	3	63004	61006	64001
18	1409	369	16	16	3	63005	61006	64001
18	1409	385	16	16	3	63005	61006	64001
18	1409	400	16	16	3	63006	62006	64001

18	1441	321	16	16	1	64000	-1	-1
18	1441	337	16	16	1	64001	-1	-1

5	1312	144	16	16	4	60001	60002	60003	0
18	1312	160	16	16	4	62001	62002	62003
18	1312	176	16	16	5	65000	65002	65001
18	1376	144	16	16	1	64000	-1	-1
18	1376	160	16	16	1	64001	-1	-1

5	1408	192	16	16	4	60013	60013	60013	0
5	1488	176	16	16	13	60013	60013	60013	0

5	2144	368	16	16	3	60001	60002	60003	1
18	2144	384	16	16	3	61001	61002	61003
18	2144	400	16	16	3	62001	62002	62003
5	2176	272	16	16	3	60007	60008	60009	0
18	2176	288	16	16	3	61007	61008	61009
18	2176	304	16	16	3	61007	61008	61009
18	2176	320	16	16	3	61007	61008	61009
18	2176	336	16	16	3	61007	61008	61009
18	2176	352	16	16	3	61007	61008	61009
18	2192	368	16	16	3	63007	61009	64000
18	2192	384	16	16	3	63008	61009	64001
18	2192	400	16	16	3	63009	62009	64001
18	2224	272	16	16	1	64000	-1	-1
18	2224	288	16	16	1	64001	-1	-1
18	2224	304	16	16	1	64001	-1	-1
18	2224	320	16	16	1	64001	-1	-1
18	2224	336	16	16	1	64001	-1	-1
18	2224	352	16	16	1	64001	-1	-1
18	2224	368	16	16	1	64001	-1	-1
#Koopas
3	568	300	175
3	2096	360	175
#Goomba
2	330	400	175
2	515	400	175
2	902	350	725
2	973	350	825
16	1080	350	925

#redplant
12	361	376

#pirannha
13	1800	389

#greenplant
14	1864	372

#fake fire
15	1856	372

#Defaut PIPE
11	361	384	3
11	1800	392	2
11	1864	384	3
11	2265	392	4
11	2265	281	4
11	2265	249	4
11	2265	217	4
11	2265	185	4
11	2265	153	4
11	2265	128	1
11	2328	392	0

#QuestionBrick
7	176	352	0
7	192	352	0
7	224	304	0
7	240	304	1
7	417	320	0	
7	653	384	1
7	702	352	0
7	1440	128	1
7	1472	368	1

#COIN
4	1073	320
4	1105	288
4	1137	256
4	1169	224
4	1201	192
4	1329	80
4	1345	80
4	1361	80
4	1951.5	400
4	1967.5	400
4	1983.5	400
4	1999.5	400
4	2015.5	400
4	2031.5	400
4	2047.5	400
4	1967.5	384
4	1983.5	384
4	1999.5	384
4	2015.5	384
4	2031.5	384
4	1983.5	368
4	1999.5	368
4	2015.5	368
4	2031.5	368
4	2095.5	400
4	2111.5	400
4	2095.5	384
4	1329	80
4	1345	80
4	1361	80
4	1473	112
4	1489	112
4	1537	128
4	1553	128
4	1569	128
4	1585	128
4	1617	112
4	1633	112
4	1649	112
4	1665	112
4	1697	144
4	1729	112
4	1761	128
4	1809	96
4	1841	128

#GoldBrick
1	1952.5	400
1	1968.5	400
1	1984.5	400
1	2000.5	400
1	2016.5	400
1	2032.5	400
1	2048.5	400
1	1968	384
1	1984	384
1	2000	384
1	2016	384
1	2032	384
1	1984	368
1	2000	368
1	2016	368
1	2032	368
1	2096	400
1	2112	400
1	2096	384

#STRIPEDBRICK
17	1504	336	0
17	1520	336	0
17	1568	400	0
17	1584	400	0
17	1600	400	0
17	1584	384	0
17	1600	384	0
17	1600	368	0
17	1664	400	0
17	1680	400	0
17	1696	400	0
17	1664	384	0
17	1680	384	0
17	1664	368	0
17	2257	304	0
17	2273	304	0
17	2257	368	0
17	2273	368	0
#Map decor
#Small Cloud
18	120	273	16	15	4	54000	54001	54002
18	121	288	16	8	4	54003	54004	54005

18	325	257	16	16	3	54000	54001	54002
18	325	273	16	16	3	54003	54004	54005

18	647	273	16	16	3	54000	54001	54002
18	647	289	16	16	3	54003	54004	54005

18	728	305	16	16	5	54000	54001	54002
18	728	321	16	16	5	54003	54004	54005

18	1176	273	16	16	3	54000	54001	54002
18	1176	289	16	16	3	54003	54004	54005

18	1656	273	16	16	5	54000	54001	54002
18	1656	289	16	16	5	54003	54004	54005

18	2328	289	16	16	3	54000	54001	54002
18	2328	305	16	16	3	54003	54004	54005

#Star
18	336	32	16	16	1	55006	-1	-1
18	368	64	16	16	1	55006	-1	-1
18	752	16	16	16	1	55006	-1	-1
18	752	48	16	16	1	55006	-1	-1
18	1104	112	16	16	1	55006	-1	-1
18	1264	48	16	16	1	55006	-1	-1
18	1360	32	16	16	1	55006	-1	-1
18	1456	96	16	16	1	55006	-1	-1
18	1488	80	16	16	1	55006	-1	-1
18	1616	32	16	16	1	55006	-1	-1
18	1680	64	16	16	1	55006	-1	-1
18	2224	80	16	16	1	55006	-1	-1
18	2384	0	16	16	1	55006	-1	-1
18	2448	0	16	16	1	55006	-1	-1
18	2416	144	16	16	1	55006	-1	-1
18	288	79	16	16	2	55007	55006	55006
18	592	48	16	16	2	55006	55007	55007
18	1392	114	16	16	1	55006	-1	-1
18	224	64	16	16	1	55007	-1	-1
18	112	32	16	16	1	55006	-1	-1
18	800	16	16	16	1	55007	-1	-1
18	672	16	16	16	1	55007	-1	-1
18	1184	128	16	16	1	55007	-1	-1
18	1504	64	16	16	1	55007	-1	-1
18	1504	96	16	16	1	55007	-1	-1
18	1952	16	16	16	1	55007	-1	-1
18	256	32	16	16	1	55008	-1	-1
18	256	64	16	16	1	55008	-1	-1
18	832	32	16	16	1	55008	-1	-1
18	960	64	16	16	1	55007	-1	-1
18	1216	128	16	16	1	55008	-1	-1
18	1728	64	16	16	1	55008	-1	-1
18	1856	80	16	16	1	55008	-1	-1
18	1920	16	16	16	1	55008	-1	-1
18	1920	144	16	16	1	55008	-1	-1
18	2112	112	16	16	1	55008	-1	-1

#ColorPlatForm bottom

