# list of object assets to load in this scene
[ASSETS]
grass.txt
blackobject.txt
blackbackground.txt
mario.txt
mushroom.txt
ground.txt
fixedbrick.txt
goldbrick.txt
coin.txt
goomba.txt
koopas.txt
button.txt
cloud.txt
pipe.txt
redplant.txt
piranhaplant.txt
greenplant.txt
questionbrick.txt
fireball.txt
colorplatform.txt
leaf.txt
paragoomba.txt
greenparatroopa.txt
point.txt
effect.txt
hud.txt
itemcard.txt
lift.txt
boomerangbrother.txt
#
[OBJECTS]
# type	x	y	extra_settings per object type
# type: 0 = Mario , 1 = Brick, 2 = Goomba, 3 = Koopas, 5 = Platform, 7 QuestionBrick 11= pipe 12=redplant 13=piranha 14=greenplant 15=fireball 16=paragoomba 17=fixedbrick
# See OBJECT_TYPE constants in AssetIDs.h

# MARIO
0	30	250

#Platform - Ground
5	8	352	16	16	10	70001	70002	70003	1
5	8	368	16	16	10	70004	70005	70006	1
5	8	384	16	16	10	70004	70005	70006	1
5	8	400	16	16	10	70004	70005	70006	1
5	8	416	16	16	10	70004	70005	70006	1
5	8	432	16	16	10	70004	70005	70006	1
5	8	448	16	16	10	70004	70005	70006	1
5	8	464	16	16	10	70004	70005	70006	1
5	8	480	16	16	10	70004	70005	70006	1
5	8	496	16	16	10	70004	70005	70006	1
5	8	512	16	16	10	70004	70005	70006	1
5	8	528	16	16	10	70004	70005	70006	1
5	8	544	16	16	10	70004	70005	70006	1
5	8	560	16	16	10	70004	70005	70006	1
5	8	576	16	16	10	70004	70005	70006	1
5	8	592	16	16	10	70004	70005	70006	1

5	2064	421	16	16	32	71000	72000	73000	1	
# GOLD Brick
1	224	352
1	240	352
1	256	352
1	272	352
1	384	336
1	400	336
1	416	336
1	432	336
1	448	336

1	608	288
1	624	288
1	640	288
1	656	288

1	640	368
1	656	368
1	752	320
1	752	336
1	752	352
1	752	368
1	768	368
1	784	368
1	800	368

1	864	336
1	864	352
1	864	368
1	864	384
1	880	384
1	896	384

1	994	336
1	994	352
1	1010	352

1	960	400
1	976	400
1	992	400
1	1008	400

1	1008	352
1	1024	352
1	1040	352
1	1056	352
1	1072	352

1	1152	384
1	1168	384
1	1184	384
1	1200	384
1	1216	384

1	1264	368
1	1280	368

1	1184	304
1	1200	304
1	1216	304
1	1232	304
1	1232	320

1	1392	304
1	1408	304
1	1424	304

1	1536	288
1	1536	304

1	1536	368
1	1536	384
1	1536	400
1	1552	400
1	1568	400
1	1584	400

1	1728	288
1	1728	304
1	1728	320

1	1776	368
1	1792	368
1	1808	368



#LIFT
24	450	320	240
24	612	352	432
24	644	304	454
24	676	400	476
24	844	336	624
24	1160	384	900
24	1282	320	1012
24	1458	352	1248
24	1490	336	1280


#PIPE
11	1945	352	1
11	1945	377	4
11	2201	397	0